0 1
--
0 1
O                     2.997247050000     2.139114720000     3.308677290000
N                     2.136706630000    -1.710266640000     1.624448790000
H                     1.120267150000    -0.555281380000     4.990306670000
H                     2.868067980000    -1.341218090000     0.155947080000
H                     1.482651350000    -3.203546400000     1.897356180000
C                     2.048305950000     0.000000000000     3.430835840000
--
0 1
O                    -0.030838110000    -6.403675690000     3.345064940000
N                     0.829702310000   -10.253057050000     5.029293440000
H                     1.846141780000    -9.098071790000     1.663435560000
H                     0.098340960000    -9.884008500000     6.497795140000
H                     1.483757590000   -11.746336810000     4.756386050000
C                     0.918102990000    -8.542790410000     3.222906390000
units bohr
