3
N    0.0     0.0    0.0    0.0
H    0.0     0.0    0.0    0.0
C    0.0     0.0    0.0    0.0 
 exponents
N      2.000
N      2.000 
H      2.000
H      2.000
H      2.000
H      2.000
C      2.000      
C      2.000
C      2.000
 Cn coefficients (C6, C8, C10, C12 )
N   0.0   0.0   0.0  0.0    
N   0.0   0.0   0.0  0.0 
H   0.0   0.0   0.0  0.0
H   0.0   0.0   0.0  0.0
H   0.0   0.0   0.0  0.0
H   0.0   0.0   0.0  0.0
C   0.0   0.0   0.0  0.0      
C   0.0   0.0   0.0  0.0
C   0.0   0.0   0.0  0.0
charges
 1       -0.51241923
 2       -0.01963482
 3        0.11270785
 4        0.19172582
 5        0.16623251
 6        0.29778778
 7       -0.09928506
 8       -0.35601807
 9        0.21890322
drude charges
1	-1.8397
2	-0.9334
3        0.0000
4        0.0000
5	 0.0000
6	 0.0000
7       -0.5733
8       -0.5733
9	-0.5733
springcon
  0.1
