0 1
--
0 1
N                     6.279812100000    -4.253033720000     0.193138650000
N                     6.068707770000    -2.281256970000     1.805443170000
H                     3.668711560000    -5.646289410000    -1.966840010000
H                     0.690345210000    -2.375456940000    -0.428642360000
H                     3.359174420000     0.176506010000     3.092650170000
H                     7.352667820000    -1.994613110000     2.906807020000
C                     3.779525860000    -1.215084530000     1.768581720000
C                     2.382429980000    -2.555055380000     0.046076810000
C                     4.017714680000    -4.384104900000    -0.887618630000
--
0 1
N                    10.536566840000    -2.293388780000     4.857776130000
N                    10.655429100000    -4.331295820000     6.394949840000
H                    13.209729570000     0.107521180000     4.139745770000
H                    16.104366130000    -2.335017560000     6.894883280000
H                    13.167942060000    -6.048066570000     8.799519590000
H                     9.193020890000    -5.141272880000     6.780715170000
C                    12.938265500000    -4.661471490000     7.423998690000
C                    14.421257940000    -2.731799270000     6.534076220000
C                    12.859952610000    -1.346631460000     4.942378280000
units bohr
