0 1
--
0 1
O                    -5.531022370000     2.939402900000     1.977626240000
O                    -2.407088860000     0.908177340000     0.049059090000
H                    -0.503048870000     1.375792050000     4.638809080000
H                     0.000000000000     4.251042850000     3.090722380000
H                    -2.389482150000     4.019167790000     5.401950410000
H                    -3.747714110000     0.471479300000    -1.215575120000
C                    -1.418597820000     2.985005000000     3.844051900000
C                    -3.322637810000     2.286288140000     1.912214130000
--
0 1
O                     7.045199480000     1.079764880000    -8.924392750000
O                    10.169132990000     3.110990450000   -10.852959900000
H                    12.073172980000     2.643375740000    -6.263209910000
H                    12.576221850000    -0.231875060000    -7.811296610000
H                    10.186739700000     0.000000000000    -5.500068580000
H                     8.828507740000     3.547688490000   -12.117594110000
C                    11.157624030000     1.034162790000    -7.057967090000
C                     9.253584040000     1.732879650000    -8.989804860000
units bohr
