0 1
--
0 1
N                    -1.330847580000     0.980326580000     0.426270370000
N                     3.953773330000     0.980326580000     0.426270370000
H                     3.567136740000     4.352185690000    -0.942309730000
H                    -0.944210980000     4.352185690000    -0.942309730000
H                    -0.944210980000    -2.391532530000     1.794850470000
H                     3.567136740000    -2.391532530000     1.794850470000
C                     2.622925760000     2.940979740000    -0.426270370000
C                     0.000000000000     2.940979740000    -0.426270370000
C                     0.000000000000    -0.980326580000     1.278811120000
C                     2.622925760000    -0.980326580000     1.278811120000
--
0 1
N                   -10.142073580000   -15.602587090000    -3.100997930000
N                    -4.857452670000   -15.602587090000    -3.100997930000
H                    -9.755436980000   -18.974446200000    -4.469578030000
H                    -9.755436980000   -12.230727980000    -1.732417830000
H                    -5.244089270000   -18.974446200000    -4.469578030000
H                    -5.244089270000   -12.230727980000    -1.732417830000
C                    -8.811226010000   -17.563240250000    -3.953538670000
C                    -8.811226010000   -13.641933930000    -2.248457180000
C                    -6.188300250000   -17.563240250000    -3.953538670000
C                    -6.188300250000   -13.641933930000    -2.248457180000
units bohr
