3
C    0.0     0.0    0.0    0.0 
H    0.0     0.0    0.0    0.0
O    0.0     0.0    0.0    0.0
 exponents
O      2.000
O      2.000 
H      2.000
H      2.000
H      2.000
H      2.000
C      2.000      
C      2.000
 Cn coefficients (C6, C8, C10, C12 )
O   0.0   0.0   0.0  0.0    
O   0.0   0.0   0.0  0.0 
H   0.0   0.0   0.0  0.0
H   0.0   0.0   0.0  0.0
H   0.0   0.0   0.0  0.0
H   0.0   0.0   0.0  0.0
C   0.0   0.0   0.0  0.0      
C   0.0   0.0   0.0  0.0
charges
 1       -0.64961348
 2       -0.64445712
 3        0.13718876          
 4        0.13746974         
 5        0.11109979           
 6        0.44304754          
 7       -0.40171205          
 8        0.86697681           
drude charges
1	-0.8931
2	-0.9519
3        0.0000
4        0.0000
5	 0.0000
6	 0.0000
7       -1.2531
8       -0.7097
springcon
  0.1
