3
C    0.0     0.0    0.0    0.0 
H    0.0     0.0    0.0    0.0
O    0.0     0.0    0.0    0.0
 exponents
O      2.000
N      2.000 
H      2.000
H      2.000
H      2.000
C      2.000
 Cn coefficients (C6, C8, C10, C12 )
O   0.0   0.0   0.0  0.0    
N   0.0   0.0   0.0  0.0 
H   0.0   0.0   0.0  0.0
H   0.0   0.0   0.0  0.0
H   0.0   0.0   0.0  0.0
C   0.0   0.0   0.0  0.0
charges
 1       -0.63979038
 2       -0.9357336
 3        0.02828377          
 4        0.45493086         
 5        0.40060746           
 6        0.6917019          
drude charges
1	-0.8929
2	-1.4801
3        0.0000
4        0.0000
5	 0.0000
6	-0.7097
springcon
  0.1
