3
N    0.0     0.0    0.0    0.0
H    0.0     0.0    0.0    0.0
C    0.0     0.0    0.0    0.0 
 exponents
N      2.000
N      2.000 
H      2.000
H      2.000
H      2.000
H      2.000
C      2.000      
C      2.000
C      2.000
 Cn coefficients (C6, C8, C10, C12 )
N   0.0   0.0   0.0  0.0    
N   0.0   0.0   0.0  0.0 
H   0.0   0.0   0.0  0.0
H   0.0   0.0   0.0  0.0
H   0.0   0.0   0.0  0.0
H   0.0   0.0   0.0  0.0
C   0.0   0.0   0.0  0.0      
C   0.0   0.0   0.0  0.0
C   0.0   0.0   0.0  0.0
charges
 1       -.55190
 2       -.34650
 3        .12940
 4        .10210
 5        .03740
 6        .31780
 7       -.11280
 8        .05540
 9        .36910
drude charges
1	-0.8404
2	-0.8404
3        0.0000
4        0.0000
5	 0.0000
6	 0.0000
7       -1.1478
8       -1.1478
9	-1.1478
springcon
  0.1
