3
N    0.0     0.0    0.0    0.0
H    0.0     0.0    0.0    0.0
C    0.0     0.0    0.0    0.0 
 exponents
N      2.000
N      2.000 
H      2.000
H      2.000
H      2.000
H      2.000
C      2.000      
C      2.000
C      2.000
C      2.000
 Cn coefficients (C6, C8, C10, C12 )
N   0.0   0.0   0.0  0.0    
N   0.0   0.0   0.0  0.0 
H   0.0   0.0   0.0  0.0
H   0.0   0.0   0.0  0.0
H   0.0   0.0   0.0  0.0
H   0.0   0.0   0.0  0.0
C   0.0   0.0   0.0  0.0      
C   0.0   0.0   0.0  0.0
C   0.0   0.0   0.0  0.0
C   0.0   0.0   0.0  0.0
charges
 1       -0.43756
 2       -0.43999
 3        0.06191
 4        0.02255
 5        0.06130
 6        0.00309
 7        0.14618
 8        0.19927
 9        0.1451
 10       0.23815
drude charges
1	-0.8404
2	-0.8404
3        0.0000
4        0.0000
5	 0.0000
6	 0.0000
7       -1.1478
8       -1.1478
9	-1.1478
10	-1.1478
springcon
  0.1
